A,18
150,0,0
200,0,0
200,200,0
150,300,0
50,300,0
0,200,0
0,0,0
50,0,0
50,80,0,-1
50,120,0
50,200,0
100,270,0
150,200,0
150,120,0
50,120,0,-1
50,80,0
150,80,0
150,0,0

J,11
0,0,0
200,0,0
200,300,0
100,300,0
100,250,0
150,250,0
150,50,0
50,50,0
50,100,0
0,100,0
0,0,0

V,8
130,0,0
200,300,0
130,300,0
80,50,0
70,300,0
0,300,0
30,0,0
130,0,0

I,13
0,0,0
150,0,0
150,50,0
100,50,0
100,250,0
150,250,0
150,300,0
0,300,0
0,250,0
50,250,0
50,50,0
0,50,0
0,0,0
